nServices=5;
nBuses=4;
nDrivers=5;
time_start=[60.2547773205 337.662863587 266.918656954 310.431023907 128.946791129];
duration_min=[44.0610555373 139.973817662 70.0238959594 46.3467611252 113.379922034];
duration_km=[4.79372212987 5.79837349308 9.60314736948 7.39078421329 5.18019627382];
nPassengers=[32 39 11 27 13];
cap_b=[11 39 38 60];
euros_min_b=[0.557430707478 0.365275957421 1.93650297729 1.69518038228];
euros_km_b=[1.58500917919 4.96962731944 1.99159451607 1.4420798845];
maxBuses=4;
max_d=[102 422 358 121 202];
CBM=0.200000;
CEM=0.300000;
BM=100;
