nServices=15;
nBuses=10;
nDrivers=10;
time_start=[984 612 60 36 96 435 1006 87 377 1156 1067 489 1088 1002 1003];
duration_min=[101 198 38 58 182 19 99 185 73 199 159 139 148 74 8];
duration_km=[17 17 3 15 6 10 11 1 12 19 16 17 16 3 14];
nPassengers=[8 19 4 3 18 3 19 3 2 30 8 5 11 1 13];
cap_b=[29 43 31 34 50 41 49 25 27 50];
euros_min_b=[14.1968618503 11.7024225909 14.053160337 11.892431193 13.1287432604 10.7858505923 10.9187051317 13.216388616 11.9071976782 12.7654142869];
euros_km_b=[5.87436977497 8.03013280048 11.5971356838 9.91800821057 3.509298274 3.70203632647 11.0017741713 11.6610279978 7.42793750314 6.33747308792];
maxBuses=70;
max_d=[391 399 297 259 452 339 436 393 258 277];
CBM=0.200000;
CEM=0.300000;
BM=100;
