nServices=50;
nBuses=45;
nDrivers=40;
time_start=[298.333672364 1056.53278235 229.920615785 874.497522651 128.532798727 96.4057458902 603.45970106 47.5764901047 379.08855355 627.820555271 1047.59259626 501.703531403 987.441827187 684.529989336 247.31725357 222.524897676 791.713963158 632.280090364 489.91495776 431.705043742 107.395385348 346.48279818 69.7925184978 976.483359118 1126.61247333 244.265128225 519.165677913 585.671200221 1172.79294712 1155.57453946 166.518674991 1060.2007482 490.714516219 903.447642968 540.150062294 798.857161365 841.40103057 3.34091173233 12.4624381192 884.219733763 538.469943903 968.539621423 1060.32394917 193.983631565 52.2798193994 1125.62910979 1019.46995009 1046.0524376 92.9507645681 262.342000273];
duration_min=[30.7582747539 49.9536483194 42.0634845369 61.5564627286 82.211964166 91.1154319571 53.5979381156 54.3624270427 23.0281557648 39.9405988934 65.4935057769 13.9466757432 48.158277465 50.4093909856 29.9310979503 60.0691385702 7.20924410697 27.9909115809 81.4058457483 70.209688111 94.4833143041 15.4889548837 39.076480612 86.800168051 57.0325051417 89.0726404673 41.4619029869 36.2556239779 33.8213331616 50.8893455959 92.2154764677 69.092197522 24.6936737228 91.330818258 91.7063743382 45.1751399159 24.6167060975 78.8178208139 90.3607847335 82.1269356281 49.5698193584 38.8673203498 49.9876346626 85.2915511908 69.3991847882 55.2809730275 42.9175820451 51.2469483819 10.6607213096 48.3868981298];
duration_km=[16.7782538786 1.49322028736 2.37266616236 17.541202262 13.0370825718 7.34917057141 12.6007045758 15.391665524 1.58978001481 11.1724870501 10.3184545527 14.7662261115 14.4616422587 13.2730118919 14.0777270768 2.61860447556 4.40565250116 15.7043026544 12.3427724843 17.4686132373 15.3348077496 2.04315014494 5.34194713701 12.0749461476 3.45145171145 6.65933236134 16.7002860255 1.47486814183 11.916980962 15.9991195504 11.6147027494 7.81018779565 2.06139364011 19.3292933578 1.63594399488 3.00405730734 15.6053479606 9.16760669663 14.1083763211 6.92734321451 14.8180670769 6.1083378772 5.82336845399 17.4189024866 13.5617296915 14.2679049889 16.138113139 16.3904547556 5.80941027595 17.6575615726];
nPassengers=[30 12 30 21 34 23 17 26 35 23 24 15 10 12 12 20 30 13 12 24 33 26 23 16 25 14 17 27 27 11 30 27 11 18 28 13 29 20 35 34 24 30 20 18 20 18 22 19 23 22];
cap_b=[53 47 63 55 69 46 63 64 43 45 59 59 42 62 69 42 68 66 40 52 46 40 49 68 68 66 47 65 57 52 55 44 61 53 67 57 58 63 53 51 64 57 63 51 57];
euros_min_b=[1.40418182289 1.28130280332 1.18139072339 1.33782755018 1.21043261703 1.33672635912 1.72521700539 1.06749569746 0.891957809902 0.864723470401 0.757764562572 1.69647212937 0.372085364517 0.863216722019 0.835855830259 1.01999365055 0.858423771598 1.1845502975 1.93023571476 1.43281521437 0.153005882763 1.94379155592 0.458679058112 0.172468574867 0.854310890746 0.547752401625 1.75344110351 1.92138421648 1.47045319903 0.288397795025 1.99925915985 1.06623483277 0.879798902239 0.571559665869 0.433008146403 1.4354947424 0.998254824976 1.36257349748 1.91105539697 1.35159479476 0.653947331294 0.476560101055 0.841585904794 0.104066314801 1.80768608053];
euros_km_b=[4.03148840396 3.99946595054 3.29088102187 4.19337885103 2.84477128899 4.94450764777 2.66600161793 1.64493210672 4.42502314567 3.50249565743 4.22322801254 3.22593842286 4.04078423759 4.88934252688 3.26909419001 4.59235692217 3.5447613732 4.80156310266 3.32394274027 3.48063247494 3.1617766608 2.89222659371 3.69631356562 2.19283825606 3.66851753474 1.36594392189 1.15359355686 3.49651927927 4.65901345014 1.012445958 2.52894127104 3.42210429063 3.52087561821 1.82596823144 4.81319135388 2.48386322026 4.42057472559 1.49456438244 2.93621356546 4.67569974443 4.47013653152 1.11375973771 1.46752593408 4.58471769376 1.64040870629];
maxBuses=45;
max_d=[379 369 381 311 465 405 474 333 468 319 434 334 359 404 313 378 430 441 400 446 394 316 427 392 418 356 357 328 311 401 469 354 339 347 346 438 420 344 370 386];
CBM=0.200000;
CEM=0.300000;
BM=100;
