nServices=100;
nBuses=25;
nDrivers=100;
time_start=[367 748 506 910 417 573 328 250 122 650 18 108 1126 582 71 650 404 1060 402 602 990 325 383 199 1146 888 1077 355 819 862 242 350 1065 274 63 386 1163 1101 815 1017 930 880 518 1091 474 1083 760 59 1044 723 644 792 738 816 900 284 710 815 511 869 723 1025 49 1072 564 375 801 739 100 515 720 80 660 1071 193 869 920 705 1158 845 1149 658 571 385 278 657 866 616 477 765 1143 1146 702 162 115 1113 243 781 1147 1160];
duration_min=[190 99 21 103 26 83 184 82 191 48 178 192 156 70 117 77 55 174 192 88 132 158 59 144 39 181 84 86 186 140 98 46 125 46 40 164 191 113 121 68 197 156 35 99 18 164 11 126 162 92 8 44 104 122 41 137 45 130 198 121 23 188 189 90 78 5 188 75 40 169 112 79 138 79 32 191 99 51 140 76 124 132 154 66 180 131 11 148 193 69 91 177 174 122 68 126 75 182 165 174];
duration_km=[16 8 11 3 10 8 9 4 9 19 15 19 6 11 8 11 8 3 18 18 18 10 18 10 4 3 10 2 17 10 3 12 4 17 17 5 16 7 12 15 19 13 4 16 12 6 15 4 3 12 10 3 4 1 13 18 19 2 10 3 10 16 10 3 11 18 12 7 12 12 15 11 19 6 5 16 16 6 2 3 10 1 7 11 5 13 12 16 8 13 7 15 19 15 2 14 13 18 15 14];
nPassengers=[3 5 3 8 50 0 10 6 20 1 1 0 26 13 1 8 5 1 4 12 11 5 18 11 4 24 7 0 1 12 1 1 3 37 31 20 44 1 5 1 0 2 0 33 3 4 5 11 0 14 1 16 4 9 9 4 8 0 2 15 13 0 11 9 3 5 2 0 18 3 5 10 2 1 10 22 2 11 0 4 0 0 2 2 8 0 16 1 17 19 14 26 6 11 14 17 7 3 10 20];
cap_b=[25 28 47 40 39 28 37 36 44 31 37 47 29 40 37 40 44 38 46 41 50 26 49 43 36];
euros_min_b=[13.0593239797 14.602778478 11.9375014222 10.900677234 13.9091613412 11.5213725506 10.8654738733 13.349646865 13.0980955953 10.4186587456 11.9684569093 10.8902469174 11.8703907882 10.8547618743 14.4080480053 13.5662149243 10.0755729069 14.1603648605 10.4372512094 12.9395942618 14.5122226287 11.1364512564 12.6146533174 14.1027876658 11.7746723336];
euros_km_b=[10.1305400992 11.0020139634 11.4355148039 11.9872832907 10.1878219655 10.6509102718 10.4701004923 10.9082912438 11.6930748094 11.8605771723 10.9667418995 11.0099232431 10.3223933361 11.4656070475 11.6847333989 11.4309274991 11.5210434434 10.4566384023 10.9735358912 10.694713744 11.1098229744 11.0832730737 11.6566545429 10.3337940938 10.6720369887];
maxBuses=70;
max_d=[455 473 260 372 408 418 284 344 410 312 387 381 377 391 449 321 242 342 415 435 291 372 337 319 404 297 309 298 353 457 292 310 479 420 443 265 337 240 343 434 445 476 436 299 343 295 298 468 419 327 438 353 380 408 295 402 456 452 398 299 250 426 280 266 291 431 375 245 393 341 376 328 324 455 356 441 302 401 309 300 389 457 274 400 289 439 476 331 276 400 303 435 333 390 252 395 281 409 383 328];
CBM=0;
CEM=0;
BM=480;
