nServices=7;
nBuses=5;
nDrivers=6;
time_start=[108.465277348 358.169121761 365.602750322 402.286876916 188.301465352 267.264934995 415.731922259];
duration_min=[138.993523892 6.18246277224 125.99710469 73.2529322366 133.346607773 68.0306106835 123.477913243];
duration_km=[19.5212388947 8.06815259993 5.69298141056 10.5623333441 6.66081819824 2.57935901549 17.5062574087];
nPassengers=[38 16 26 35 25 38 14];
cap_b=[23 54 55 50 37];
euros_min_b=[0.258020020192 1.28167330969 0.381479420303 0.487486100286 1.27324393198];
euros_km_b=[1.46177809028 4.52569139766 3.20378906754 1.16509743253 3.50758727484];
maxBuses=4;
max_d=[407 279 105 303 71 311];
CBM=0.200000;
CEM=0.300000;
BM=100;
